1 9 10 23 11 22 28 18 12 19 20 17 0 
1 9 10 23 11 22 17 0 
1 9 10 23 11 22 12 17 0 
1 9 26 25 0 
9 17 0 
1 9 35 33 0 
1 9 10 31 11 30 5 21 12 17 0 
5 21 9 17 0 
21 17 0 
1 9 10 23 11 22 28 18 12 19 20 51 52 53 54 6 55 56 13 14 7 35 33 0 
1 9 27 25 0 
1 9 10 23 11 22 5 21 12 17 0 
1 9 10 31 11 30 36 18 12 19 20 41 42 43 44 6 45 46 13 14 7 27 25 0 
1 9 10 23 11 22 28 18 12 19 20 51 52 53 54 6 55 56 13 14 35 33 0 
1 9 10 31 11 30 36 18 12 19 20 41 42 43 44 6 45 46 13 14 27 25 0 
1 9 10 31 11 30 12 17 0 
1 9 34 33 0 
1 9 10 23 11 22 17 0 
1 9 10 31 11 30 36 18 12 19 20 17 0 
1 9 17 0 
1 9 10 23 11 22 28 18 12 17 0 
1 9 10 31 11 30 17 0 
